-24
-25
-29
-25
-27
-26
-27
-28
-29
-28
-29
-28
-28
-29
-28
-29
-29
-28
-29
-28
-29
-30
-29
-29
-29
-29
-29
-28
-29
-29
-29
-29
-28
-28
-29
-29
-29
-29
-29
-29
-29
-28
-30
-28
-28
-30
-29
-28
-28
-28
-28
-28
-28
-28
-28
-28
-28
-28
-28
-28
-28
-29
-29
-28
-29
-29
-29
-29
-28
-28
-29
-28
-30
-24
-27
-36
-35
-35
-35
-36
-35
-36
-35
-61
-35
-35
-35
-36
-35
-35
-36
-36
-36
-36
-35
-36
-35
-36
-36
-35
-36
-36
-29
-43
-35
-38
-35
-47
-59
-61
-64
-56
-56
-56
-56
-57
-57
-56
-61
-56
-57
-56
-56
-56
-56
-56
-57
-57
-56
-57
-56
-57
-56
-57
-56
-57
-56
-57
-56
-57
-56
-56
-56
-57
-56
-57
-57
-57
-56
-57
-56
-57
-57
-58
-57
-57
-57
-57
-57
-58
-57
-57
-57
-57
-57
-58
-57
-57
-57
-57
-56
-57
-56
-57
-57
-57
-57
-57
-56
-57
-57
-57
-56
-58
-57
-57
-56
-57
-57
-57
-57
