-40
-41
-38
-39
-29
-41
-44
-39
-48
-57
-61
-55
-55
-56
-56
-56
-54
-55
-55
-56
-56
-54
-54
-54
-54
-54
-55
-55
-55
-54
-55
-55
-54
-53
-53
-54
-54
-55
-55
-54
-53
-55
-54
-55
-53
-54
-55
-55
-55
-55
-55
-55
-55
-52
-55
-55
-56
-56
-56
-56
-56
-55
-55
-54
-54
-55
-54
-55
-54
-55
-54
-56
-54
-54
-54
-55
-55
-55
-55
-57
-56
-54
-54
-55
-56
-55
-55
-55
-54
-52
-55
-55
-55
-56
-55
-54
-54
-54
-54
-55
-55
-57
-56
-56
-56
-57
-58
-56
-56
-56
-55
-55
-55
-57
-55
-55
-55
-56
-56
-55
-56
-54
-54
-55
-55
-55
-55
-55
-56
-55
-56
-56
-55
-55
-56
-55
-54
-55
-55
-55
-55
-55
-55
-56
-56
-55
-55
-56
-56
-56
-56
-55
-55
-56
-56
-56
-54
-55
-54
-54
-54
-55
-55
-54
-54
-54
-54
-54
-55
-55
-55
-54
-54
-54
-55
-55
-54
-54
-54
-55
-56
-56
-56
-54
-54
-55
-57
-56
-56
-51
-56
-55
-55
-56
-55
-55
-55
-56
-55
-55
-55
-55
-55
-55
-55
-56
-55
-56
-55
-51
-55
-55
-51
-56
-55
-55
-55
-55
-55
-55
-56
-55
-55
-55
-56
-57
-56
-57
-56
-56
-56
-55
-54
-56
-55
-56
-57
-57
-57
-60
-57
-56
-53
-55
-46
-50
-47
-41
-37
-31
-34
-34
-35
-34
-34
-36
-35
-35
-35
-35
-35
-33
-35
-34
-34
-34
-35
-73
-34
-34
-34
-35
-34
-34
-34
-58
-34
-34
-34
-34
-34
-37
-36
-37
-36
-36
-35
