-57
-48
-53
-54
-51
-54
-55
-53
-54
-55
-55
-55
-55
-55
-55
-54
-55
-55
-53
-52
-53
-53
-53
-53
-53
-53
-53
-53
-54
-53
-53
-53
-53
-53
-53
-53
-53
-53
-53
-53
-54
-53
-54
-53
-54
-54
-54
-55
-54
-54
-54
-54
-54
-54
-54
-54
-54
-54
-54
-54
-54
-54
-54
-54
-54
-54
-53
-54
-54
-54
-55
-54
-54
-56
-57
-56
-56
-56
-56
-56
-56
-55
-56
-58
-58
-56
-55
-55
-55
-59
-59
-60
-61
-61
-61
-60
-61
-59
-62
-56
-59
-56
-56
-56
-55
-54
-55
-54
-54
-55
-54
-54
-54
-54
-55
-54
-54
-54
-55
-55
-54
-55
-55
-53
-55
-57
-57
-60
-59
-54
-54
-54
-55
-54
-54
-53
-53
-54
-53
-53
-54
-54
-55
-53
-54
-53
-54
-53
-53
-54
