-47
-46
-44
-42
-44
-44
-45
-44
-45
-45
-45
-46
-46
-46
-45
-44
-45
-45
-45
-45
-45
-45
-45
-45
-45
-44
-45
-45
-45
-45
-45
-45
-45
-44
-45
-46
-43
-40
-41
-43
-42
-42
-42
-42
-42
-42
-42
-43
-42
-42
-41
-40
-50
-46
-46
-47
-70
-67
-70
-66
-64
-64
-64
-64
-69
-69
-69
-71
-71
-70
-70
-69
-70
-71
-71
-70
-71
-72
-70
-71
-70
-71
-66
-73
-73
-74
-73
-67
-68
-74
-73
-73
-66
-73
-74
-72
-73
-74
-68
-74
-76
-75
-67
-73
-67
-74
-66
-74
-73
-72
-73
-74
-73
-73
-73
-66
-73
-74
-74
-74
-67
-74
-72
-72
-74
-73
-66
-65
-74
-65
-68
-67
-69
-68
-73
-67
-73
-73
-67
-68
-72
-74
-66
-72
-66
-73
-72
-72
-72
-72
-72
-72
-73
-70
-71
-71
-71
-70
-71
-72
-70
-71
-71
-71
-72
-72
-72
-71
-64
-71
-71
-70
-70
-69
-70
-70
-69
-70
-70
-70
-64
-72
-72
-72
-71
-71
-64
-73
-72
-72
-64
-72
-71
-64
-64
-64
-72
-71
-72
-72
-71
-72
-73
-72
-72
-73
-72
-72
-71
-71
-72
-72
-71
-72
-71
-70
-72
-70
-64
-72
-69
-65
-64
-65
-68
-62
-50
-51
-45
-41
-47
-44
-50
-55
-47
-44
-44
-43
-42
-41
-42
-42
-42
-42
-42
-44
-41
-42
-43
-42
-41
-42
-42
-41
-42
-55
-41
-41
-42
-42
-42
-42
-42
-42
-42
-43
-42
-42
-42
-42
-41
-42
-42
-42
-42
-55
-42
-41
-42
-41
-44
-43
-43
-43
-43
-43
-43
-43
-43
-43
-43
-43
-43
-43
-57
-43
-43
-43
-42
-43
-43
-43
-43
-43
-43
-44
-43
-43
-43
-42
-42
-57
-40
-39
-42
-41
-40
-39
-40
-40
-39
-39
-39
-39
-38
-40
-36
-33
