-36
-36
-35
-35
-35
-35
-31
-36
-35
-35
-41
-36
-36
-36
-36
-35
-35
-36
-36
-36
-36
-36
-36
-36
-35
-35
-36
-35
-36
-36
-36
-36
-34
-36
-35
-39
-39
-38
-38
-38
-39
-40
-39
-38
-40
-38
-39
-38
-38
-39
-38
-41
-40
-40
-39
-44
-49
-50
-50
-54
-72
-72
-73
-66
-69
-67
-69
-67
-69
-69
-67
-68
-69
-68
-69
-69
-68
-69
-68
-67
-68
-67
-67
-69
-70
-70
-69
-67
-65
-72
-71
-70
-70
-71
-71
-70
-71
-69
-71
-69
-69
-71
-69
-70
-70
-70
-70
-69
-69
-69
-70
-70
-69
-70
-69
-69
-70
-69
-69
-69
-68
-69
-69
-70
-69
-69
-68
-69
-70
-69
-70
-69
-68
-68
-70
-69
-69
-69
-69
-70
-70
-63
-69
-69
-70
-70
-71
-67
-66
-66
-68
-70
-59
-61
-51
-60
-60
-45
-46
-38
-39
-43
-42
-40
-42
-42
-43
-43
-43
-43
-43
-70
-43
-43
-42
-42
-42
-43
-42
-42
-42
-43
-42
-42
-43
-43
-43
-42
-42
-42
-43
-43
-43
-43
-43
-43
-43
-43
-43
-43
-43
-42
-42
-43
-43
-42
-43
-43
-42
-43
-44
-43
-43
-43
-43
-43
-43
-43
-44
-43
-43
-44
-44
-44
-43
-44
-43
-43
-43
-43
-43
-44
-42
-43
-43
-43
-43
-42
-41
-42
-43
-42
-43
-43
-43
-43
-43
-41
-41
-41
-40
-41
-43
-44
-44
-44
-44
-43
-43
-43
-44
-43
-43
-42
-42
-42
-42
-42
-42
-42
-42
-42
-42
-42
-42
-42
-42
-42
-42
-42
-42
-42
-42
-43
-42
-43
-43
-43
-43
-43
-43
-43
-43
-43
-43
-43
-43
-43
-43
-43
-43
-42
-42
-42
-42
-42
-43
-41
-42
-42
-42
-44
-44
-43
-43
-42
-43
-43
-42
-42
-42
-42
-42
-42
-43
-43
-44
-42
-42
-42
-41
-41
-41
-45
-45
-46
-46
-47
-47
-51
-50
