-34
-32
-32
-33
-31
-33
-31
-33
-33
-34
-34
-33
-34
-33
-33
-33
-33
-33
-33
-33
-33
-33
-34
-35
-34
-34
-34
-34
-33
-33
-36
-34
-33
-33
-33
-32
-33
-34
-35
-35
-35
-34
-35
-35
-38
-37
-39
-38
-38
-38
-37
-36
-37
-37
-41
-32
-42
-43
-47
-48
-52
-66
-68
-70
-67
-69
-70
-70
-69
-71
-71
-69
-77
-72
-72
-72
-72
-71
-72
-72
-72
-72
-72
-71
-72
-71
-71
-71
-73
-70
-75
-75
-76
-77
-78
-74
-73
-74
-73
-73
-75
-75
-74
-74
-74
-74
-74
-74
-74
-74
-75
-74
-75
-74
-75
-74
-74
-74
-74
-74
-74
-74
-73
-73
-74
-74
-74
-74
-75
-74
-74
-74
-74
-74
-75
-74
-74
-75
-77
-75
-75
-74
-73
-75
-74
-75
-74
-76
-79
-78
-76
-70
-75
-64
-61
-55
-54
-45
-55
-43
-33
-32
-36
-43
-38
-38
-39
-38
-40
-38
-40
-39
-38
-36
-39
-36
-37
-36
-37
-37
-37
-36
-36
-36
-37
-36
-36
-37
-37
-36
-37
-36
-37
-37
-37
-41
-38
-38
-39
-39
-40
-39
-40
-39
-40
-39
-39
-40
-39
-38
-39
-39
-39
-39
-39
-38
-39
-38
-39
-38
-39
-38
-40
-38
-38
-38
-39
-38
-39
-38
-38
-38
-38
-36
-38
-38
-38
-37
-38
-39
-39
-38
-39
-38
-39
-38
-39
-38
-39
-40
-40
-39
-40
-41
-41
-40
-41
-41
-41
-41
-32
-40
-41
-40
-41
-41
-41
-41
-41
-42
-41
-41
-41
-41
-41
-41
-41
-41
-41
-41
-41
-32
-41
-41
-41
-41
-41
-40
-41
-41
-41
-41
-41
-41
-41
-41
-40
-39
-41
-40
-40
-39
-40
-39
-40
-33
-39
-38
-38
-39
-39
-39
-39
-39
-39
-34
-33
-39
-40
-39
-33
-39
-40
-39
-34
-33
-34
-39
-34
-42
-43
-40
-42
-41
-32
-33
-32
-33
-33
-32
-32
-33
