-31
-32
-30
-29
-29
-53
-32
-31
-31
-31
-32
-31
-32
-32
-32
-31
-32
-31
-30
-31
-32
-31
-31
-32
-31
-32
-31
-31
-31
-31
-32
-32
-33
-32
-32
-31
-31
-32
-32
-32
-33
-31
-33
-33
-38
-31
-33
-32
-31
-31
-31
-33
-31
-32
-31
-31
-31
-32
-31
-31
-31
-31
-31
-31
-31
-31
-31
-31
-32
-32
-33
-35
-31
-32
-28
-28
-28
-28
-28
-28
-28
-28
-28
-28
-28
-28
-28
-28
-28
-28
-28
-28
-28
-28
-28
-28
-29
-28
-27
-27
-25
-31
-41
-46
-41
-45
-49
-58
-54
-58
-57
-56
-55
-56
-55
-55
-57
-58
-57
-55
-56
-56
-56
-56
-56
-56
-56
-56
-56
-56
-56
-56
-56
-56
-56
-56
-56
-56
-56
-55
-56
-55
-56
-56
-56
-56
-57
-56
-56
-56
-56
-56
-57
-57
-56
-56
-56
-56
-57
-56
-56
-56
-56
-56
-56
-57
-57
-56
-57
-57
-56
-56
-56
-56
-56
-56
-56
-56
-56
-56
-56
-56
-57
-56
-56
-56
-56
-56
-56
-56
