-34
-30
-33
-29
-32
-34
-32
-34
-34
-33
-33
-33
-33
-33
-33
-33
-33
-33
-33
-33
-33
-33
-32
-33
-33
-34
-33
-33
-33
-32
-34
-34
-34
-34
-33
-34
-34
-34
-33
-34
-34
-34
-34
-34
-34
-34
-34
-34
-34
-32
-33
-34
-44
-44
-41
-42
-54
-59
-67
-61
-65
-61
-67
-67
-67
-70
-69
-73
-71
-72
-72
-72
-71
-72
-72
-72
-72
-72
-70
-69
-70
-76
-71
-71
-71
-71
-71
-71
-70
-71
-71
-71
-70
-76
-70
-71
-70
-71
-71
-70
-71
-71
-70
-70
-71
-71
-70
-70
-70
-71
-71
-71
-71
-71
-70
-71
-71
-71
-71
-71
-71
-71
-71
-71
-71
-72
-72
-71
-72
-71
-72
-72
-72
-71
-72
-71
-72
-72
-72
-77
-71
-71
-71
-70
-71
-70
-72
-70
-71
-70
-70
-70
-71
-70
-71
-71
-71
-70
-70
-70
-77
-71
-71
-70
-71
-71
-71
-70
-71
-70
-70
-70
-69
-71
-70
-71
-71
-70
-77
-71
-71
-70
-71
-70
-70
-70
-71
-71
-71
-70
-71
-70
-70
-71
-71
-70
-70
-70
-70
-70
-70
-71
-71
-71
-71
-71
-71
-71
-71
-70
-70
-70
-70
-70
-70
-71
-70
-69
-68
-71
-72
-66
-65
-65
-68
-63
-56
-50
-44
-36
-63
-38
-40
-42
-41
-35
-35
-35
-35
-36
-36
-35
-36
-36
-37
-36
-36
-36
-34
-37
-36
-36
-37
-36
-36
-36
-36
-36
-36
-36
-37
-36
-36
-37
-37
-37
-37
-37
-36
-37
-36
-37
-36
-37
-37
-36
-36
-35
-36
-35
-34
-36
-35
-35
-36
-35
-35
-36
-36
-35
-35
-35
-35
-36
-35
-36
-35
-36
-36
-35
-35
-35
-36
-36
-35
-36
-36
-35
-36
-38
-34
-35
-34
-35
-34
-33
-34
-35
-34
-35
-35
-35
-35
-34
-35
-34
-36
-35
-38
