-26
-26
-32
-28
-32
-29
-32
-39
-37
-35
-43
-50
-52
-59
-59
-57
-59
-59
-58
-58
-59
-59
-60
-58
-57
-57
-58
-58
-58
-58
-58
-58
-58
-59
-63
-59
-58
-59
-57
-61
-58
-60
-58
-58
-58
-58
-58
-58
-57
-57
-57
-57
-57
-57
-56
-59
-57
-58
-58
-58
-57
-58
-57
-58
-57
-58
-57
-58
-59
-59
-58
-58
-58
-59
-57
-58
-57
-56
-58
-58
-57
-60
-59
-59
-58
-60
-59
-59
-58
-58
-59
-58
-58
-58
-58
-59
-59
-59
-59
-58
-58
-59
-58
-77
-57
-58
-57
-57
-60
-60
-57
-57
-57
-57
-57
-57
-58
-59
-58
-57
-57
-58
-57
-58
-58
-58
-58
-58
-57
-59
-58
-59
-58
-77
-58
-59
-58
-59
-58
-58
-58
-59
-58
-59
-77
-59
-57
-58
-58
-60
-58
-60
-58
-59
-58
-78
-58
-78
-57
-58
-58
-58
-58
-78
-57
-58
-58
-58
-77
-59
-77
-59
-58
-59
-77
-58
-59
-60
-56
-59
-58
-78
-59
