-57
-47
-52
-52
-58
-54
-58
-80
-80
-58
-57
-80
-80
-80
-80
-58
-57
-80
-57
-80
-58
-80
-80
-57
-79
-57
-58
-80
-58
-79
-80
-58
-81
-58
-80
-58
-58
-79
-58
-79
-58
-79
-79
-79
-79
-58
-59
-79
-58
-79
-58
-80
-80
-79
-59
-59
-58
-79
-59
-80
-79
-79
-58
-79
-59
-59
-56
-80
-60
-80
-57
-80
-79
-79
-59
-60
-59
-79
-61
-80
-59
-80
-80
-78
-80
-64
-60
-79
-60
-79
-61
-79
-80
-80
-59
-58
-58
-80
-60
-79
-57
-80
-80
-79
-79
-60
-58
-80
-59
-79
-79
-79
-79
-77
-58
-59
-58
-81
-58
-80
-55
-79
-58
-60
-56
-62
-62
-60
-59
-58
-58
-58
-57
-58
-59
-57
-59
-60
-57
-58
-58
-58
-58
-58
-58
-58
-58
-58
-58
-58
