-27
-28
-33
-28
-33
-27
-31
-32
-31
-31
-32
-32
-32
-31
-31
-31
-33
-32
-32
-33
-33
-33
-33
-32
-33
-33
-33
-31
-31
-31
-31
-32
-34
-32
-33
-33
-32
-33
-33
-32
-32
-31
-33
-32
-32
-31
-33
-32
-33
-33
-33
-32
-32
-32
-32
-33
-33
-31
-32
-32
-33
-32
-32
-32
-33
-32
-32
-32
-32
-32
-32
-32
-32
-32
-33
-32
-31
-34
-33
-33
-33
-32
-32
-32
-32
-32
-32
-32
-33
-33
-32
-32
-33
-33
-33
-32
-32
-31
-32
-33
-32
-33
-32
-32
-33
-32
-32
-33
-32
-33
-33
-32
-32
-32
-31
-32
-33
-33
-33
-33
-33
-32
-32
-32
-33
-32
-33
-33
-33
-33
-34
-33
-33
-33
-34
-34
-34
-33
-33
-32
-33
-32
-32
-32
-33
-32
-33
-32
-32
-31
-32
-32
-32
-32
-32
-33
-32
-32
-33
-33
-32
-33
-33
-33
-32
-33
-32
-34
-34
-33
-34
-32
-32
-32
-32
-32
-33
-33
-34
-33
-34
-32
-32
-32
-33
-32
-31
-32
-32
-32
-31
-33
-33
-33
-32
-33
-32
-32
-32
-32
-33
-32
-33
-32
-32
-32
-32
-32
-32
-31
-32
-33
-32
-32
-31
-32
-32
-33
-32
-32
-32
-33
