-34
-33
-33
-33
-35
-34
-34
-33
-34
-33
-34
-33
-33
-33
-32
-32
-33
-33
-34
-34
-35
-35
-35
-34
-35
-35
-35
-34
-34
-35
-35
-35
-34
-35
-35
-36
-36
-35
-35
-35
-34
-35
-35
-35
-35
-34
-34
-35
-33
-34
-34
-34
-34
-34
-34
-34
-34
-33
-34
-34
-34
-34
-34
-35
-34
-35
-34
-35
-35
-35
-35
-33
-34
-33
-33
-34
-36
-34
-35
-34
-35
-34
-34
-35
-34
-33
-32
-33
-33
-34
-34
-34
-33
-34
-34
-35
-34
-34
-34
-34
-34
-34
-34
-34
-34
-34
-33
-34
-34
-34
-34
-34
-34
-34
-33
-34
-33
-33
-33
-34
-34
-34
-35
-34
-34
-33
-33
-33
-34
-35
-34
-34
-34
-33
-34
-35
-34
-35
-35
-35
-35
-34
-34
-34
-34
-35
-34
-34
-34
-34
-35
-34
-33
-35
-34
-35
-34
-34
-34
-34
-34
-34
-34
-34
-34
-34
-33
-34
-49
-34
-49
-35
-49
-35
-35
-34
-34
-33
-34
-48
-35
-35
-35
-35
-34
-34
-33
-33
-33
-33
-33
-33
-33
-33
-33
-33
-33
-33
-33
-49
-33
-34
-33
-33
-33
-33
-34
-35
-35
-35
-35
-34
-34
-34
-49
-35
-35
-34
-35
